0.000461045
0.000518773
0.000556638
0.000501718
0.00059764
0.000572712
0.00070878
0.000390784
0.000518688
0.000503416
0.00049044
0.000281906
0.000681528
0.000291743
0.000618315
0.000641179
0.000439677
0.000468021
0.000570508
0.000644101
0.000567075
0.000409768
0.00040786
0.000506468
0.000527403
0.000541421
0.000241563
0.000849213
0.000743359
0.000299456
0.000846366
0.000793108
0.000571095
0.00039117
0.000644219
0.000496517
0.00052928
0.000689171
0.000472951
0.000793309
0.000471575
0.000302207
0.000777008
0.000594883
0.000624744
0.000423981
0.000533668
0.000783962
0.00036493
0.000429931
0.000603356
0.000345084
0.000611821
0.000914743
0.000378193
0.000558744
0.000647894
0.000261838
0.000678095
0.000831466
0.000387345
0.000470925
0.000560486
0.000673083
0.000611963
0.000440895
0.000550747
0.000631406
0.0002352
0.000503877
0.000672727
0.000549726
0.000390726
0.0003301
0.000437351
0.000637887
0.00048907
0.000764166
0.000832636
0.000588489
0.000389067
0.000528939
0.000652068
0.000789786
0.000293851
0.00059807
0.000428991
0.000715746
0.000582425
0.000731336
0.000499885
0.000505112
0.000321444
0.000487071
0.000696927
0.00040274
0.000772618
0.000917392
0.000557623
0.000810503
0.000652291
0.000520238
0.000774404
0.000607101
0.000778424
0.000927802
0.000260835
0.00046778
0.000624391
0.000598244
0.000481785
0.000649055
0.000476123
0.000506387
0.000762645
0.000592238
0.000602567
0.000565281
0.000432688
0.000614194
