0.00188196
0.00254242
0.00343663
0.00314865
0.00260343
0.00374294
0.000936156
0.00243819
0.00203127
0.00328508
0.00329459
0.00110046
0.00332661
0.00162343
0.00223111
0.0027567
0.00276082
0.00161416
0.00282803
0.00239467
0.00160977
0.00159821
0.00295278
0.00449449
0.00309325
0.000887753
0.0032078
0.00329921
0.00151883
0.00239788
0.00266994
0.00311351
0.00204461
0.00221539
0.00365996
0.00279197
0.00170554
0.00180439
0.0021048
0.00155504
0.00208284
0.00284727
0.00208806
0.00255688
0.0032133
0.00304622
0.00261485
0.00199628
0.0021514
0.0022943
0.00268295
0.00307761
0.00315099
0.00188694
0.0012523
0.00269801
0.00236615
0.00197198
0.00183796
0.004192
0.00349705
0.00291387
0.00263754
0.00293864
0.00224015
0.00334872
0.00256269
0.00272944
0.00279385
0.00260684
0.00213477
0.00287645
0.00326045
0.0023955
0.00206538
0.00243512
0.00136171
0.00189134
0.0025641
0.00347556
0.00168008
0.00334567
0.00221596
0.00173986
0.00199105
0.00302613
0.00203905
0.00253419
0.00173411
0.00157835
0.00123274
0.00202977
0.00249847
0.00215781
0.00242008
0.0025871
0.00178383
0.00289298
0.00180288
0.00292451
0.00183439
0.00214182
0.00356607
0.00242738
0.00135912
0.00322908
0.00306714
0.00273665
0.00166162
0.00282817
0.00306958
0.00208496
0.00195679
0.00228113
0.00301999
0.00196489
0.00229537
0.00267728
0.00334799
0.00393594
