0.00220649
0.0024114
0.00227899
0.00147805
0.00292206
0.00300462
0.00289173
0.00165115
0.00150077
0.00244107
0.00261242
0.00293876
0.00295027
0.00251008
0.00248794
0.00297002
0.00247396
0.00259746
0.00328201
0.00347355
0.00388244
0.00239129
0.00294919
0.00288556
0.004095
0.00266062
0.00191091
0.00241009
0.00276235
0.00247693
0.00171272
0.00143078
0.001887
0.00289201
0.00373727
0.00228113
0.00512473
0.00143031
0.00244661
0.00242247
0.00140059
0.00173018
0.0034525
0.0022005
0.00258624
0.00240352
0.00446307
0.00325357
0.0029391
0.00329385
0.00348926
0.00246338
0.00224319
0.00220827
0.00186264
0.00271482
0.00289937
0.00245068
0.0027454
0.00271565
0.00413431
0.00379694
0.00264344
0.00328265
0.00173656
0.0025557
0.00201848
0.00322005
0.00274935
0.00347105
0.00131422
0.00342988
0.0021685
0.00192193
0.00243955
0.00236432
0.00162729
0.00314491
0.00193496
0.00209041
0.00338451
0.0026791
0.00432553
0.00269154
0.00241691
0.00219559
0.00174976
0.00374331
0.00233884
0.00334242
0.00171112
0.0018465
0.00235939
0.00251246
0.00171017
0.00180593
0.00205393
0.00190977
0.00208778
0.00208712
0.00381336
0.00253204
0.00215319
0.00259238
0.00337539
0.0027058
0.001699
0.00495834
0.00233153
0.00240547
0.00339958
0.00239026
0.00156498
0.0013163
0.00220595
0.00176178
0.00166007
0.00270643
0.0029051
0.00156745
