1.45647e-05
2.83606e-05
1.63129e-05
2.65862e-05
2.46784e-05
2.86855e-05
4.00087e-05
2.0655e-05
1.75044e-05
2.66334e-05
2.5157e-05
2.11406e-05
2.0549e-05
3.16073e-05
1.4881e-05
1.68176e-05
2.94482e-05
2.86897e-05
2.59583e-05
1.86947e-05
1.94106e-05
2.26362e-05
3.50209e-05
2.80926e-05
2.74485e-05
3.26132e-05
2.0921e-05
2.7999e-05
2.07611e-05
2.7141e-05
2.9383e-05
2.68594e-05
2.03332e-05
3.26121e-05
1.59668e-05
2.68788e-05
2.22087e-05
2.59772e-05
1.85324e-05
2.98135e-05
2.32584e-05
1.04444e-05
2.06716e-05
3.01557e-05
2.77871e-05
2.38185e-05
1.23363e-05
2.52914e-05
3.04477e-05
1.93186e-05
3.62272e-05
2.29763e-05
3.77396e-05
3.33041e-05
3.10106e-05
3.3949e-05
2.38114e-05
4.89241e-05
1.65492e-05
2.89858e-05
2.1018e-05
2.61907e-05
3.09039e-05
3.10052e-05
3.17178e-05
2.96673e-05
3.69213e-05
2.38313e-05
2.31471e-05
2.72806e-05
4.25011e-05
2.16914e-05
2.56434e-05
2.42353e-05
2.96318e-05
1.56907e-05
2.57218e-05
3.00514e-05
2.06456e-05
2.7519e-05
3.1558e-05
2.54352e-05
1.94764e-05
2.57262e-05
2.11496e-05
2.74675e-05
3.44174e-05
3.79342e-05
1.68512e-05
2.88831e-05
2.77931e-05
2.02257e-05
1.82389e-05
1.82975e-05
2.87746e-05
1.70878e-05
2.63256e-05
2.11334e-05
2.7089e-05
2.25335e-05
2.17294e-05
1.60624e-05
2.2271e-05
3.36756e-05
1.50458e-05
1.99955e-05
3.04965e-05
3.71268e-05
2.11089e-05
3.38414e-05
1.7881e-05
2.24532e-05
1.92243e-05
2.91011e-05
3.29652e-05
2.7739e-05
3.63268e-05
3.57484e-05
3.21054e-05
2.25454e-05
