0.00253076
0.00251946
0.0027701
0.00232339
0.00359259
0.00298016
0.00132479
0.00225952
0.00302319
0.00343705
0.00386378
0.00248005
0.00165901
0.0032471
0.00320429
0.00292832
0.00322461
0.00227464
0.00377161
0.00233439
0.00192236
0.00331921
0.00216626
0.0026079
0.00193983
0.00326128
0.00197349
0.00269222
0.00435026
0.00255871
0.00285875
0.0029365
0.00252243
0.00142992
0.00344943
0.00282073
0.00279831
0.00208855
0.00475972
0.00265512
0.00354433
0.00271291
0.00282721
0.00260258
0.00346358
0.00231957
0.00190254
0.00300907
0.00336621
0.00341952
0.00173897
0.00415044
0.00373451
0.00305781
0.00301104
0.00253815
0.00300654
0.0036322
0.00304051
0.00302285
0.00413767
0.0034567
0.0033951
0.00191
0.00109328
0.00248119
0.00237277
0.0036252
0.00533987
0.00275971
0.0024329
0.001818
0.00291505
0.00208414
0.00143228
0.00209614
0.0048566
0.00257835
0.00167828
0.00250353
0.00324497
0.00344592
0.00208693
0.00211602
0.00221912
0.00375546
0.00194804
0.0024704
0.00259113
0.00420891
0.00231178
0.00314316
0.00229964
0.00233319
0.00264973
0.00327582
0.00204448
0.00225229
0.00278709
0.00224307
0.00210609
0.00299495
0.00289415
0.00172017
0.00344426
0.00359098
0.00237091
0.00254099
0.00221579
0.00313326
0.00204897
0.00274059
0.00330095
0.0028522
0.00262959
0.00269126
0.00303392
0.00292187
0.00257838
0.00171255
