0.00282406
0.0014896
0.00231591
0.00216762
0.00333924
0.00161275
0.00356328
0.00304524
0.00258865
0.00340793
0.00258306
0.00311341
0.00261426
0.00372178
0.0022582
0.00275576
0.00251478
0.00177219
0.0019311
0.00263974
0.00180787
0.003127
0.00199805
0.00310453
0.00317567
0.00309824
0.00163609
0.0025405
0.00245518
0.0028657
0.00242432
0.00238924
0.00245708
0.00206552
0.00226012
0.00329008
0.00207969
0.00224728
0.00379554
0.00404569
0.00278947
0.00178243
0.00247733
0.00229198
0.00313742
0.00260715
0.00289467
0.00229498
0.00264456
0.00332622
0.00230669
0.00212628
0.00265093
0.0029962
0.00356556
0.0030529
0.0039845
0.00204556
0.00363726
0.00290123
0.00227993
0.00171168
0.00211281
0.00341118
0.00264595
0.00261181
0.00286772
0.00186355
0.00296263
0.0023233
0.0022398
0.00455226
0.00279368
0.0026774
0.00334538
0.00403796
0.00166707
0.00252565
0.00244111
0.00226756
0.00288047
0.00147057
0.00358488
0.00260928
0.00227022
0.00146335
0.00333755
0.00203731
0.00223338
0.00209958
0.00179472
