0.000497906
0.000717294
0.000601166
0.000728176
0.000908829
0.000549948
0.000839409
0.000626387
0.000602567
0.000694401
0.000733447
0.000389224
0.000794284
0.000787571
0.000671382
0.000390013
0.000397839
0.000553065
0.000668726
0.000730996
0.000554998
0.000893662
0.000654903
0.000522574
0.00071261
0.000505398
0.000555049
0.00059831
0.000754636
0.000334716
0.000561447
0.000376301
0.000532081
0.00055421
0.000615392
0.000411967
0.000724569
0.000942683
0.000873711
0.000629524
0.00102791
0.000641238
0.000567683
0.00036934
0.000588943
0.000781268
0.00114154
0.000294989
0.000651265
0.000666915
0.000544326
0.000628181
0.000490521
0.000681566
0.000464579
0.000616322
0.000719599
0.000890977
0.000433471
0.00076109
0.000821619
0.000539432
0.000724793
0.000452869
0.000475103
0.000559572
0.000647239
0.000502266
0.000870678
0.000707068
0.000666712
0.000800107
0.000528772
0.000742437
0.000377487
0.000772178
0.000561708
0.000546471
0.000572606
0.000754019
0.000821806
0.000423628
0.000582955
0.000677564
0.000512077
0.00062002
0.000861877
0.000526251
0.000577702
0.000608483
0.000546264
0.000442725
0.000642461
0.000962834
0.00075163
0.00054089
0.000714678
0.000583398
0.000608352
0.000492242
0.00050157
0.000850952
0.000640135
0.000332498
0.000466278
0.000742857
0.000630038
0.0010962
0.000608154
0.000428966
0.000599163
0.000680562
0.000459965
0.000554069
0.00103137
0.00052683
0.000928238
0.000528741
0.000946929
0.000465389
