0.000574462
0.000677987
0.000806649
0.000677776
0.000683057
0.000676985
0.000695681
0.000403113
0.000623372
0.00048719
0.000604153
0.000505718
0.000751143
0.000412385
0.000609954
0.000747326
0.000764112
0.00130387
0.000971867
0.000426864
0.000670374
0.000656781
0.000558051
0.00046252
0.000471282
0.000663311
0.000294933
0.000646807
0.000458865
0.000884202
0.000841777
0.000379582
0.000323231
0.000680843
0.000758871
0.000637643
0.000666578
0.000768457
0.000622543
0.000433799
0.000598059
0.000396399
0.000790041
0.000556294
0.000581885
0.000652751
0.000586337
0.000507058
0.000716255
0.000766365
0.000587048
0.000428747
0.000522445
0.000657718
0.00068502
0.000761959
0.000780364
0.000657941
0.0009352
0.000393958
0.000512262
0.000839068
0.000897233
0.00066395
0.000681135
0.00053654
0.000843149
0.000999034
0.000470639
0.00064795
0.000665037
0.000872599
0.000706219
0.000585912
0.000786517
0.00033241
0.000690299
0.000651117
0.000547692
0.000720042
0.000577625
0.00048678
0.000712917
0.000583638
0.000610748
0.00061604
0.000497134
0.000837642
0.000517093
0.000803328
0.000359404
0.000527716
0.000386478
0.0005649
0.000539125
0.000607441
0.000804174
0.00060027
0.000740436
0.000735312
0.000407708
0.000592795
0.000637814
0.000430828
0.00060233
0.000494513
0.000429915
0.000336201
0.000549329
0.000557979
0.000300107
0.000505751
0.00105452
0.000597616
0.000616531
0.000494371
0.000658742
0.000889897
0.000560805
0.000994796
