0.00040721
0.000919026
0.00044395
0.00063101
0.000702542
0.000841323
0.000534806
0.000460718
0.00079703
0.000769583
0.000999589
0.000841715
0.000577022
0.000646488
0.000687479
0.000490159
0.000549829
0.000422878
0.000583761
0.00127327
0.000308591
0.000589139
0.000735876
0.000730765
0.000712535
0.000525043
0.00100813
0.000978774
0.000472713
0.000457988
0.000582852
0.000738168
0.000588837
0.000532625
0.000629007
0.000678404
0.000927392
0.000588006
0.000471796
0.00067721
0.000531185
0.00070721
0.000524624
0.000377232
0.000722911
0.000978387
0.000592298
0.000494144
0.000696828
0.000438666
0.000601467
0.000483735
0.00079984
0.000754386
0.000958535
0.000500495
0.000597894
0.000549755
0.000549467
0.000722078
0.000746786
0.000682089
0.000983432
0.000739281
0.000832425
0.000844397
0.00062701
0.000675376
0.000430019
0.000502314
0.00118628
0.000469398
0.000730892
0.00102528
0.000674276
0.000753884
0.00077333
0.000893246
0.000710984
0.000614112
0.000512002
0.000873387
0.000641126
0.000591412
0.000502837
0.000720283
0.00109807
0.000583487
0.00076574
0.00076523
0.00030562
0.000559735
0.000617351
0.000654475
0.000717506
0.00109264
0.000435136
0.000446842
0.000659862
0.000668008
0.000390043
0.000651633
0.000573646
0.000706782
0.000579925
0.000967802
0.000616203
0.00107372
0.000553577
0.000521481
0.000520676
0.000627226
0.000781567
0.000611557
0.000598687
0.000600223
0.000697521
0.000628063
0.000753891
0.000711354
