0.000627154
0.00066149
0.000611765
0.000600353
0.000767684
0.000524616
0.000751813
0.000590906
0.000520533
0.00041176
0.000603278
0.000961915
0.000699015
0.000406598
0.00111646
0.000517353
0.000507547
0.00111397
0.000834203
0.000833804
0.000728917
0.000489933
0.000556773
0.000429414
0.00072769
0.00052075
0.000763858
0.00108798
0.000607603
0.00111879
0.000577731
0.00074394
0.00058102
0.000892339
0.000769233
0.000693959
0.000696507
0.000506276
0.000758612
0.000784425
0.000552491
0.000505678
0.000417456
0.000726493
0.000459592
0.000603668
0.000432628
0.000734133
0.000836032
0.000673903
0.000593881
0.000425151
0.000649513
0.00062253
0.000350227
0.000614603
0.000573838
0.000874205
0.000742007
0.000719305
0.000908217
0.000598464
0.000361968
0.000873646
0.000812771
0.000548371
0.000600973
0.000479151
0.00077639
0.000774487
0.000701628
0.000778896
0.000737404
0.000827126
0.000824688
0.000749771
0.000680243
